Wavelet# Island_id  bbox origin shape mask_active mask_noisy size_active mean rms max_value ngaul gresid_mean gresid_rms resid_rms resid_mean nsource 
    0     0    90   107   459   477    90   459    17    18        152        306        152 1.556e-05 3.089e-06 2.192e-04     0 0.000e+00 0.000e+00     0 
    0     1   106   120   467   479   106   467    14    12         79        168         79 1.556e-05 3.060e-06 5.892e-05     0 0.000e+00 0.000e+00     0 
    0     2   182   189   919   930   182   919     7    11         32         77         32 1.556e-05 2.831e-06 3.126e-05     0 0.000e+00 0.000e+00     0 
    0     3   208   215   809   818   208   809     7     9         26         63         26 1.556e-05 2.797e-06 3.006e-05     0 0.000e+00 0.000e+00     0 
    0     4   232   239   242   252   232   242     7    10         24         70         24 1.556e-05 2.594e-06 2.963e-05     0 0.000e+00 0.000e+00     0 
    0     5   248   254    19    29   248    19     6    10         25         60         25 1.556e-05 2.408e-06 2.865e-05     0 0.000e+00 0.000e+00     0 
    0     6   265   282   521   553   265   521    17    32        150        533        150 1.556e-05 4.147e-06 4.188e-05     0 0.000e+00 0.000e+00     0 
    0     7   276   306   620   681   276   620    30    61        430       1656        430 1.556e-05 1.980e-05 1.530e-03     0 0.000e+00 0.000e+00     0 
    0     8   276   285   752   770   276   752     9    18         57        154         57 1.556e-05 3.965e-06 3.698e-05     0 0.000e+00 0.000e+00     0 
    0     9   294   301   577   590   294   577     7    13         37         88         37 1.556e-05 4.154e-06 3.591e-05     0 0.000e+00 0.000e+00     0 
    0    10   297   311   557   581   297   557    14    24        122        330        122 1.556e-05 4.471e-06 3.819e-05     0 0.000e+00 0.000e+00     0 
    0    11   306   316   772   785   306   772    10    13         51        122         51 1.556e-05 3.872e-06 3.662e-05     0 0.000e+00 0.000e+00     0 
    0    12   348   363   399   418   348   399    15    19        117        285        117 1.556e-05 3.775e-06 1.290e-04     0 0.000e+00 0.000e+00     0 
    0    13   360   366   139   149   360   139     6    10         24         60         24 1.556e-05 2.664e-06 2.904e-05     0 0.000e+00 0.000e+00     0 
    0    14   380   386   462   470   380   462     6     8         16         48         16 1.556e-05 2.338e-06 2.801e-05     0 0.000e+00 0.000e+00     0 
    0    15   409   426    48    71   409    48    17    23         91        387         91 1.556e-05 1.337e-05 8.967e-05     0 0.000e+00 0.000e+00     0 
    0    16   414   451    17    79   414    17    37    62        416       2126        416 1.556e-05 1.354e-05 3.895e-04     0 0.000e+00 0.000e+00     0 
    0    17   483   501   111   131   483   111    18    20        191        353        191 1.556e-05 3.552e-06 1.505e-04     0 0.000e+00 0.000e+00     0 
    0    18   534   543   181   189   534   181     9     8         32         72         32 1.556e-05 3.339e-06 3.602e-05     0 0.000e+00 0.000e+00     0 
    0    19   551   580   132   162   551   132    29    30        292        852        292 1.556e-05 7.042e-06 3.809e-04     0 0.000e+00 0.000e+00     0 
    0    20   561   583   104   137   561   104    22    33        268        669        268 1.556e-05 6.623e-06 9.206e-04     0 0.000e+00 0.000e+00     0 
    0    21   567   575    54    68   567    54     8    14         41        112         41 1.556e-05 3.116e-06 3.262e-05     0 0.000e+00 0.000e+00     0 
    0    22   577   585   106   115   577   106     8     9         30         72         30 1.556e-05 5.357e-06 4.524e-05     0 0.000e+00 0.000e+00     0 
    0    23   589   599    59    74   589    59    10    15         73        150         73 1.556e-05 3.730e-06 4.154e-05     0 0.000e+00 0.000e+00     0 
    0    24   589   599    74    86   589    74    10    12         49        120         49 1.556e-05 3.822e-06 3.680e-05     0 0.000e+00 0.000e+00     0 
    0    25   675   682   565   572   675   565     7     7         21         49         21 1.556e-05 2.441e-06 2.870e-05     0 0.000e+00 0.000e+00     0 
    0    26   712   730   479   494   712   479    18    15        105        270        105 1.556e-05 2.690e-05 1.862e-04     0 0.000e+00 0.000e+00     0 
    0    27   742   759   434   447   742   434    17    13         90        221         90 1.556e-05 6.726e-06 7.415e-05     0 0.000e+00 0.000e+00     0 
    0    28   747   760   501   517   747   501    13    16         93        208         93 1.556e-05 6.062e-06 1.444e-04     0 0.000e+00 0.000e+00     0 
    0    29   766   778   473   483   766   473    12    10         58        120         58 1.556e-05 8.059e-05 4.537e-04     0 0.000e+00 0.000e+00     0 
    0    30   776   790   834   857   776   834    14    23        107        322        107 1.556e-05 1.248e-05 8.612e-05     0 0.000e+00 0.000e+00     0 
    0    31   778   800   448   470   778   448    22    22        196        483        196 1.556e-05 2.936e-05 3.838e-04     0 0.000e+00 0.000e+00     0 
    0    32   781   791   475   489   781   475    10    14         78        140         78 1.556e-05 3.356e-05 3.550e-04     0 0.000e+00 0.000e+00     0 
    0    33   792   800   876   894   792   876     8    18         78        144         78 1.556e-05 8.860e-06 6.212e-05     0 0.000e+00 0.000e+00     0 
    0    34   810   822   907   934   810   907    12    27        131        324        131 1.556e-05 7.667e-06 6.957e-05     0 0.000e+00 0.000e+00     0 
    0    35   811   818   817   829   811   817     7    12         34         84         34 1.556e-05 4.370e-06 3.816e-05     0 0.000e+00 0.000e+00     0 
    0    36   814   821   401   410   814   401     7     9         25         63         25 1.556e-05 2.968e-06 3.692e-05     0 0.000e+00 0.000e+00     0 
    0    37   814   824   936   963   814   936    10    27         97        270         97 1.556e-05 6.121e-06 5.683e-05     0 0.000e+00 0.000e+00     0 
    0    38   926   936   617   626   926   617    10     9         42         90         42 1.556e-05 2.366e-06 4.343e-05     0 0.000e+00 0.000e+00     0 
